
n_offers = 50;
n_positions = 10;
alpha = 0.3;
beta = 0.2;
gamma = 0.5;

commission_rates = [0.166, 0.14, 0.129, 0.09, 0.114, 0.107, 0.152, 0.157, 0.152, 0.114, 0.103, 0.166, 0.188, 0.187, 0.194, 0.147, 0.132, 0.095, 0.139, 0.169, 0.114, 0.147, 0.137, 0.127, 0.146, 0.09, 0.084, 0.19, 0.19, 0.161, 0.195, 0.111, 0.173, 0.096, 0.109, 0.117, 0.18, 0.119, 0.101, 0.165, 0.149, 0.135, 0.136, 0.179, 0.153, 0.169, 0.102, 0.132, 0.158, 0.094];
cost_per_click_bids = [1.15, 1.97, 0.52, 2.37, 1.21, 0.51, 2.11, 1.98, 1.97, 2.11, 2.25, 1.96, 2.93, 2.91, 0.83, 1.73, 1.7, 2.42, 1.28, 1.59, 0.97, 1.92, 1.09, 1.89, 1.94, 2.19, 2.54, 2.88, 1.76, 0.63, 2.03, 2.23, 1.2, 2.7, 2.24, 0.67, 0.57, 1.03, 2.33, 1.22, 1.46, 0.64, 2.75, 2.02, 2.23, 2.34, 1.6, 0.6, 1.72, 1.2];
user_satisfaction_scores = [7.56424, 7.59088, 7.6066400000000005, 7.629760000000001, 7.640080000000001, 6.62456, 6.59336, 4.853199999999999, 4.654, 6.57744, 6.51064, 6.136880000000001, 6.87224, 6.835039999999999, 6.3992, 6.3943200000000004, 6.478960000000001, 5.74952, 6.6928, 6.367920000000001, 6.36704, 6.759360000000001, 6.73, 5.8677600000000005, 5.87056, 5.7648, 5.62, 5.67656, 6.592, 4.96552, 4.392399999999999, 4.3219199999999995, 6.592, 6.55888, 6.54192, 6.03104, 6.64208, 6.02632, 5.93368, 6.04752, 6.550000000000001, 6.49672, 6.5212, 6.5212, 6.46816, 6.43544, 5.74744, 5.85176, 6.09592, 5.8515999999999995];
conversion_probabilities = [0.49042800000000003, 0.49076100000000006, 0.49095800000000006, 0.49124700000000004, 0.49137600000000003, 0.46730700000000003, 0.466917, 0.49953999999999993, 0.49704999999999994, 0.466718, 0.41313300000000003, 0.4628360000000001, 0.48177800000000004, 0.48131300000000005, 0.41174000000000005, 0.411679, 0.4671120000000001, 0.45149400000000006, 0.46816, 0.411349, 0.41133800000000004, 0.48036700000000004, 0.48000000000000004, 0.517097, 0.517132, 0.5158100000000001, 0.514, 0.514707, 0.46690000000000004, 0.500944, 0.49377999999999994, 0.4928989999999999, 0.46690000000000004, 0.46648600000000007, 0.466274, 0.4615130000000001, 0.4789010000000001, 0.4614540000000001, 0.4602960000000001, 0.4617190000000001, 0.4680000000000001, 0.46570900000000004, 0.4676400000000001, 0.4676400000000001, 0.4669770000000001, 0.46494300000000005, 0.4514680000000001, 0.45277200000000006, 0.4558240000000001, 0.4527700000000001];
partner_budgets = [820.80613560788, 784.7088768707664, 763.3540421223839, 732.0263911463304, 718.0427683923134, 1809.5241444403516, 1851.8002132315657, 4819.471842198408, 5089.388281403852, 1873.3718483327234, 1394.7850695809022, 2510.9816858453423, 1758.4676613617314, 1808.8737433820252, 1545.786515289008, 1552.3989260486596, 2047.4625316114154, 2873.255075333131, 1717.0587939816191, 1588.1709842566097, 1589.363386196875, 1911.4203102448164, 1951.2031749791126, 3566.6910036854297, 3562.89699751186, 3706.2020306964364, 3902.4063499582253, 3825.767425252101, 1853.643016230157, 4667.277994550037, 5443.856858191724, 5539.357413589312, 1853.643016230157, 1898.5206892546764, 1921.501526648875, 2654.3951192063073, 2070.3349688292265, 2660.7907296131834, 2786.318133870173, 2632.0646828704353, 1951.2031749791126, 1982.7476263079416, 1990.2272384786947, 1990.2272384786947, 2062.0965554237587, 2065.7821614209415, 2876.073479919212, 2734.719649909614, 2403.8823115742666, 2734.9364502623894];
partner_ids = [1, 2, 3, 4, 5, 6, 7, 8, 9, 10, 11, 12, 13, 14, 15, 16, 17, 18, 19, 20, 21, 22, 23, 24, 25, 26, 27, 28, 29, 30, 31, 32, 33, 34, 35, 36, 37, 38, 39, 40, 41, 42, 43, 44, 45, 46, 47, 48, 49, 50];  % Simplified: each offer is from different partner
position_ctr = [1.0, 0.6666666666666666, 0.5, 0.4, 0.3333333333333333, 0.2857142857142857, 0.25, 0.2222222222222222, 0.2, 0.18181818181818182];
